1e
8697008
ff9c7fa0
3425f000
a7824
0
0
0
0
0
0
0
0
0
0
0
0
0
0
0
0
0
0
0
0
0
0
0
0
0
0
0
0
0
0
0
0
0
0
0
0
0
0
0
0
0
0
0
0
0
0
0
0
0
0
0
0
0
0
0
0
0
0
0
0
0
0
0
0
0
0
0
0
0
0
0
0
0
0
0
0
0
0
0
0
65570000
73415433
68657261
72676e75
656c7079
67657361
74657669
74616572
24343925
78
0
0
0
0
0
0
0
0
0
0
0
0
0
0
0
0
0
0
0
0
0
0
0
8697008
1e
7
7
ff9c8308
f7702660
f75d42eb
f76c9000
0
0
ff9c8308
8048e47
4
ff9c81c8
ff9c82e8
0
0
0
4ea70002
420e160a
0
0
8b130002
0
0
0
f770f000
f76f2477
f770f55c
f770faf0
0
0
0
0
1
8d6
f76e84a0
f76e81b0
80484b4
f7529474
8048298
1
0
0
0
f770f000
ff9c8344
f770faf0
ff9c8300
f76f791a
ff9c82b0
8048298
ff9c82b8
f770fa94
0
f76e84a0
1
0
1
f770f938
0
0
0
0
3
9
3c0003f
0
ff9c8344
ff9c82b8
ff9c82b0
80484b4
f770f938
0
c2
f75b2d56
ffffffff
ff9c82de
f7528c34
f754f2f3
0
804a164
ff9c82d8
804864c
ff9c91e1
804a164
ff9c8308
8048e99
8048e80
8048800
10
3
4
138b
8048e8b
0
8048e80
0
0
f7535af3
1
ff9c83a4
ff9c83ac
f76fce6a
1
ff9c83a4
ff9c8344
804a180
8048408
f76c9000
0
0
0
3042072d
aff1433c
0
0
0
1
8048800
0
f7702660
f7535a09
f770f000
1
8048800
0
8048821
8048cb3
1
ff9c83a4
8048e80
8048e70
f76fd300
ff9c839c
1c
1
ff9c91e1
0
ff9c91ea
ff9c91f5
ff9c9217
ff9c9298
ff9c92aa
ff9c92e8
ff9c92f9
ff9c930f
ff9c9344
ff9c9350
ff9c9360
ff9c9372
ff9c93b6
ff9c93ea
ff9c9417
ff9c9435
ff9c9441
ff9c9962
ff9c9992
ff9c99a2
ff9c99d4
ff9c99f7
ff9c9a2c
ff9c9a6f
ff9c9b99
ff9c9baf
ff9c9bd0
ff9c9be2
ff9c9bf8
ff9c9c0a
ff9c9c1e
ff9c9c42
ff9c9c4d
ff9c9c64
ff9c9c99
ff9c9ca8
ff9c9cb5
ff9c9cc7
ff9c9cf4
ff9c9d05
ff9c9d1f
ff9c9d2e
ff9c9d36
ff9c9d48
ff9c9d5a
ff9c9d86
ff9c9d98
ff9c9db8
ff9c9dc7
ff9c9e04
ff9c9e17
ff9c9e53
ff9c9e73
ff9c9e80
ff9c9ea2
ff9c9eb7
ff9c9ec6
ff9c9ee5
ff9c9ef0
ff9c9f0a
ff9c9f1d
ff9c9f3f
ff9c9f72
ff9c9f93
ff9c9fcb
ff9c9fe4
0
20
f76eccd0
21
f76ec000
10
bfebfbff
6
1000
11
64
3
8048034
4
20
5
7
7
f76ee000
8
0
9
8048800
b
3e8
c
3e8
d
3e8
e
3e8
17
0
19
ff9c855b
1f
ff9c9fef
f
ff9c856b
0
0
31000000
13907dff
696904a2
7f1a1e3e
693dfaf2
363836
0
0
0
0
0
0
0
0
0
0
0
0
0
0
0
0
0
0
0
0
0
0
0
0
0
0
0
0
0
0
0
0
0
0
0
0
0
0
0
0
0
0
0
0
0
0
0
0
0
0
0
0
0
0
0
0
0
0
0
0
0
0
0
0
0
0
0
0
0
0
0
0
0
0
0
0
0
0
0
0
0
0
0
0
0
0
0
0
0
0
0
0
0
0
0
0
0
0
0
0
0
0
0
0
0
0
0
0
0
0
0
0
0
0
0
0
0
0
0
0
0
0
0
0
0
0
0
0
0
0
0
0
0
0
0
0
0
0
0
0
0
0
0
0
0
0
0
0
0
0
0
0
0
0
0
0
0
0
0
0
0
0
0
0
0
0
0
0
0
0
0
0
0
0
0
0
0
0
0
0
0
0
0
0
0
0
0
0
0
0
0
0
0
0
0
0
0
0
0
0
0
0
0
0
0
0
0
0
0
0
0
0
0
0
0
0
0
0
0
0
0
0
0
0
0
0
0
0
0
0
0
0
0
0
0
0
0
0
0
0
0
0
0
0
0
0
0
0
0
0
0
0
0
0
0
0
0
0
0
0
0
0
0
0
0
0
0
0
0
0
0
0
0
0
0
0
0
0
0
0
0
0
0
0
0
0
0
0
0
0
0
0
0
0
0
0
0
0
0
0
0
0
0
0
0
0
0
0
0
0
0
0
0
0
0
0
0
0
0
0
0
0
0
0
0
0
0
0
0
0
0
0
0
0
0
0
0
0
0
0
0
0
0
0
0
0
0
0
0
0
0
0
0
0
0
0
0
0
0
0
0
0
0
0
0
0
0
0
0
0
0
0
0
0
0
0
0
0
0
0
0
0
0
0
0
0
0
0
0
0
0
0
0
0
0
0
0
0
0
0
0
0
0
0
0
0
0
0
0
0
0
0
0
0
0
0
0
0
0
0
0
0
0
0
0
0
0
0
0
0
0
0
0
0
0
0
0
0
0
0
0
0
0
0
0
0
0
0
0
0
0
0
0
0
0
0
0
0
0
0
0
0
0
0
0
0
0
0
0
0
0
0
0
0
0
0
0
0
0
0
0
0
0
0
0
0
0
0
0
0
0
0
0
0
0
0
0
0
0
0
0
0
0
0
0
0
0
0
0
0
0
0
0
0
0
0
0
0
0
0
0
0
0
0
0
0
0
0
0
0
0
0
0
0
0
0
0
0
0
0
0
0
0
0
0
0
0
0
0
0
0
0
0
0
0
0
0
0
0
0
0
0
0
0
0
0
0
0
0
0
0
0
0
0
0
0
0
0
0
0
0
0
0
0
0
0
0
0
0
0
0
0
0
0
0
0
0
0
0
0
0
0
0
0
0
0
0
0
0
0
0
0
0
0
0
0
0
0
0
0
0
0
0
0
0
0
0
0
0
0
0
0
0
0
0
0
0
0
0
0
0
0
0
0
0
0
0
0
0
0
0
0
0
0
